InputSequence Length,Channel Flip Prob,Context Length,Markov Transition Probabilities,No. of Errors,No of changes by DUDE,Number of right changes,fraction of changes,fraction of right changes,Ratio
100000,0.05,11,0.97,5002,2712,2668,0.542,0.533,1.0000000000000004
100000,0.05,10,0.97,5002,3055,2989,0.611,0.597,1.0000000000000004
100000,0.05,9,0.97,5002,3392,3317,0.678,0.663,1.0000000000000004
100000,0.05,8,0.97,5002,3694,3607,0.739,0.721,1.0000000000000004
100000,0.05,7,0.97,5002,3979,3873,0.795,0.774,1.0000000000000004
100000,0.05,6,0.97,5002,4282,4145,0.856,0.829,1.0000000000000004
100000,0.05,5,0.97,5002,4493,4351,0.898,0.87,1.0000000000000004
100000,0.05,4,0.97,5002,4485,4353,0.897,0.87,1.0000000000000004
100000,0.05,3,0.97,5002,4373,4321,0.874,0.864,1.0000000000000004
100000,0.05,2,0.97,5002,3693,3674,0.738,0.734,1.0000000000000004
100000,0.05,1,0.97,5002,0,0,0.0,0.0,1.0000000000000004
100000,0.05,11,0.97,4893,2595,2551,0.53,0.521,0.97500000000000053
100000,0.05,10,0.97,4893,2928,2876,0.598,0.588,0.97500000000000053
100000,0.05,9,0.97,4893,3244,3178,0.663,0.649,0.97500000000000053
100000,0.05,8,0.97,4893,3557,3479,0.727,0.711,0.97500000000000053
100000,0.05,7,0.97,4893,3838,3731,0.784,0.762,0.97500000000000053
100000,0.05,6,0.97,4893,4120,3994,0.842,0.816,0.97500000000000053
100000,0.05,5,0.97,4893,4319,4171,0.883,0.852,0.97500000000000053
100000,0.05,4,0.97,4893,4312,4170,0.881,0.852,0.97500000000000053
100000,0.05,3,0.97,4893,4247,4167,0.868,0.851,0.97500000000000053
100000,0.05,2,0.97,4893,3573,3530,0.73,0.721,0.97500000000000053
100000,0.05,1,0.97,4893,0,0,0.0,0.0,0.97500000000000053
100000,0.05,11,0.97,4945,2508,2457,0.507,0.497,0.95000000000000051
100000,0.05,10,0.97,4945,2823,2761,0.571,0.558,0.95000000000000051
100000,0.05,9,0.97,4945,3153,3081,0.638,0.623,0.95000000000000051
100000,0.05,8,0.97,4945,3486,3400,0.705,0.687,0.95000000000000051
100000,0.05,7,0.97,4945,3769,3661,0.762,0.74,0.95000000000000051
100000,0.05,6,0.97,4945,4036,3916,0.816,0.792,0.95000000000000051
100000,0.05,5,0.97,4945,4249,4109,0.859,0.831,0.95000000000000051
100000,0.05,4,0.97,4945,4271,4116,0.864,0.832,0.95000000000000051
100000,0.05,3,0.97,4945,4195,4075,0.848,0.824,0.95000000000000051
100000,0.05,2,0.97,4945,3560,3481,0.72,0.704,0.95000000000000051
100000,0.05,1,0.97,4945,0,0,0.0,0.0,0.95000000000000051
100000,0.05,11,0.97,5005,2407,2374,0.481,0.474,0.92500000000000049
100000,0.05,10,0.97,5005,2698,2646,0.539,0.529,0.92500000000000049
100000,0.05,9,0.97,5005,2988,2926,0.597,0.584,0.92500000000000049
100000,0.05,8,0.97,5005,3283,3214,0.656,0.642,0.92500000000000049
100000,0.05,7,0.97,5005,3577,3475,0.715,0.694,0.92500000000000049
100000,0.05,6,0.97,5005,3848,3725,0.769,0.744,0.92500000000000049
100000,0.05,5,0.97,5005,4041,3891,0.807,0.777,0.92500000000000049
100000,0.05,4,0.97,5005,4112,3957,0.822,0.79,0.92500000000000049
100000,0.05,3,0.97,5005,4070,3929,0.813,0.785,0.92500000000000049
100000,0.05,2,0.97,5005,3511,3402,0.701,0.68,0.92500000000000049
100000,0.05,1,0.97,5005,0,0,0.0,0.0,0.92500000000000049
100000,0.05,11,0.97,5028,2352,2314,0.468,0.46,0.90000000000000047
100000,0.05,10,0.97,5028,2625,2582,0.522,0.513,0.90000000000000047
100000,0.05,9,0.97,5028,2932,2881,0.583,0.573,0.90000000000000047
100000,0.05,8,0.97,5028,3220,3154,0.64,0.627,0.90000000000000047
100000,0.05,7,0.97,5028,3498,3424,0.696,0.681,0.90000000000000047
100000,0.05,6,0.97,5028,3740,3654,0.744,0.727,0.90000000000000047
100000,0.05,5,0.97,5028,3976,3857,0.791,0.767,0.90000000000000047
100000,0.05,4,0.97,5028,4047,3894,0.805,0.774,0.90000000000000047
100000,0.05,3,0.97,5028,4010,3850,0.798,0.766,0.90000000000000047
100000,0.05,2,0.97,5028,3432,3289,0.683,0.654,0.90000000000000047
100000,0.05,1,0.97,5028,0,0,0.0,0.0,0.90000000000000047
100000,0.05,11,0.97,5042,2321,2286,0.46,0.453,0.87500000000000044
100000,0.05,10,0.97,5042,2569,2525,0.51,0.501,0.87500000000000044
100000,0.05,9,0.97,5042,2842,2800,0.564,0.555,0.87500000000000044
100000,0.05,8,0.97,5042,3157,3098,0.626,0.614,0.87500000000000044
100000,0.05,7,0.97,5042,3458,3382,0.686,0.671,0.87500000000000044
100000,0.05,6,0.97,5042,3707,3607,0.735,0.715,0.87500000000000044
100000,0.05,5,0.97,5042,3895,3773,0.773,0.748,0.87500000000000044
100000,0.05,4,0.97,5042,3956,3821,0.785,0.758,0.87500000000000044
100000,0.05,3,0.97,5042,3948,3764,0.783,0.746,0.87500000000000044
100000,0.05,2,0.97,5042,3398,3238,0.674,0.642,0.87500000000000044
100000,0.05,1,0.97,5042,0,0,0.0,0.0,0.87500000000000044
100000,0.05,11,0.97,4907,2056,2026,0.419,0.413,0.85000000000000042
100000,0.05,10,0.97,4907,2310,2273,0.471,0.463,0.85000000000000042
100000,0.05,9,0.97,4907,2593,2541,0.528,0.518,0.85000000000000042
100000,0.05,8,0.97,4907,2863,2800,0.583,0.57,0.85000000000000042
100000,0.05,7,0.97,4907,3209,3138,0.654,0.639,0.85000000000000042
100000,0.05,6,0.97,4907,3506,3401,0.714,0.693,0.85000000000000042
100000,0.05,5,0.97,4907,3727,3595,0.76,0.732,0.85000000000000042
100000,0.05,4,0.97,4907,3799,3655,0.774,0.745,0.85000000000000042
100000,0.05,3,0.97,4907,3781,3561,0.771,0.726,0.85000000000000042
100000,0.05,2,0.97,4907,3228,3066,0.658,0.625,0.85000000000000042
100000,0.05,1,0.97,4907,0,0,0.0,0.0,0.85000000000000042
100000,0.05,11,0.97,4975,2129,2100,0.428,0.422,0.8250000000000004
100000,0.05,10,0.97,4975,2351,2325,0.473,0.467,0.8250000000000004
100000,0.05,9,0.97,4975,2616,2582,0.526,0.519,0.8250000000000004
100000,0.05,8,0.97,4975,2895,2844,0.582,0.572,0.8250000000000004
100000,0.05,7,0.97,4975,3138,3085,0.631,0.62,0.8250000000000004
100000,0.05,6,0.97,4975,3395,3324,0.682,0.668,0.8250000000000004
100000,0.05,5,0.97,4975,3640,3534,0.732,0.71,0.8250000000000004
100000,0.05,4,0.97,4975,3730,3595,0.75,0.722,0.8250000000000004
100000,0.05,3,0.97,4975,3697,3484,0.743,0.7,0.8250000000000004
100000,0.05,2,0.97,4975,3275,3080,0.658,0.619,0.8250000000000004
100000,0.05,1,0.97,4975,0,0,0.0,0.0,0.8250000000000004
100000,0.05,11,0.97,4941,2122,2091,0.429,0.423,0.80000000000000038
100000,0.05,10,0.97,4941,2340,2302,0.474,0.466,0.80000000000000038
100000,0.05,9,0.97,4941,2555,2511,0.517,0.508,0.80000000000000038
100000,0.05,8,0.97,4941,2827,2764,0.572,0.559,0.80000000000000038
100000,0.05,7,0.97,4941,3090,3016,0.625,0.61,0.80000000000000038
100000,0.05,6,0.97,4941,3342,3242,0.676,0.656,0.80000000000000038
100000,0.05,5,0.97,4941,3547,3418,0.718,0.692,0.80000000000000038
100000,0.05,4,0.97,4941,3643,3474,0.737,0.703,0.80000000000000038
100000,0.05,3,0.97,4941,3637,3342,0.736,0.676,0.80000000000000038
100000,0.05,2,0.97,4941,3259,2999,0.66,0.607,0.80000000000000038
100000,0.05,1,0.97,4941,0,0,0.0,0.0,0.80000000000000038
100000,0.05,11,0.97,4926,2007,1959,0.407,0.398,0.77500000000000036
100000,0.05,10,0.97,4926,2216,2171,0.45,0.441,0.77500000000000036
100000,0.05,9,0.97,4926,2445,2388,0.496,0.485,0.77500000000000036
100000,0.05,8,0.97,4926,2695,2638,0.547,0.535,0.77500000000000036
100000,0.05,7,0.97,4926,2957,2888,0.6,0.586,0.77500000000000036
100000,0.05,6,0.97,4926,3179,3086,0.645,0.626,0.77500000000000036
100000,0.05,5,0.97,4926,3390,3273,0.688,0.664,0.77500000000000036
100000,0.05,4,0.97,4926,3498,3320,0.71,0.674,0.77500000000000036
100000,0.05,3,0.97,4926,3451,3174,0.701,0.644,0.77500000000000036
100000,0.05,2,0.97,4926,3133,2847,0.636,0.578,0.77500000000000036
100000,0.05,1,0.97,4926,0,0,0.0,0.0,0.77500000000000036
100000,0.05,11,0.97,4832,1842,1817,0.381,0.376,0.75000000000000033
100000,0.05,10,0.97,4832,2019,1989,0.418,0.412,0.75000000000000033
100000,0.05,9,0.97,4832,2245,2207,0.465,0.457,0.75000000000000033
100000,0.05,8,0.97,4832,2468,2426,0.511,0.502,0.75000000000000033
100000,0.05,7,0.97,4832,2706,2656,0.56,0.55,0.75000000000000033
100000,0.05,6,0.97,4832,2950,2883,0.611,0.597,0.75000000000000033
100000,0.05,5,0.97,4832,3154,3057,0.653,0.633,0.75000000000000033
100000,0.05,4,0.97,4832,3288,3147,0.68,0.651,0.75000000000000033
100000,0.05,3,0.97,4832,3240,2982,0.671,0.617,0.75000000000000033
100000,0.05,2,0.97,4832,2991,2734,0.619,0.566,0.75000000000000033
100000,0.05,1,0.97,4832,0,0,0.0,0.0,0.75000000000000033
100000,0.05,11,0.97,5029,1779,1744,0.354,0.347,0.72500000000000031
100000,0.05,10,0.97,5029,1995,1953,0.397,0.388,0.72500000000000031
100000,0.05,9,0.97,5029,2194,2142,0.436,0.426,0.72500000000000031
100000,0.05,8,0.97,5029,2382,2327,0.474,0.463,0.72500000000000031
100000,0.05,7,0.97,5029,2626,2566,0.522,0.51,0.72500000000000031
100000,0.05,6,0.97,5029,2872,2786,0.571,0.554,0.72500000000000031
100000,0.05,5,0.97,5029,3109,3000,0.618,0.596,0.72500000000000031
100000,0.05,4,0.97,5029,3235,3085,0.643,0.613,0.72500000000000031
100000,0.05,3,0.97,5029,3081,2829,0.613,0.562,0.72500000000000031
100000,0.05,2,0.97,5029,2939,2629,0.584,0.523,0.72500000000000031
100000,0.05,1,0.97,5029,0,0,0.0,0.0,0.72500000000000031
100000,0.05,11,0.97,4997,1776,1747,0.355,0.35,0.70000000000000029
100000,0.05,10,0.97,4997,1946,1912,0.389,0.383,0.70000000000000029
100000,0.05,9,0.97,4997,2146,2111,0.429,0.422,0.70000000000000029
100000,0.05,8,0.97,4997,2337,2291,0.468,0.458,0.70000000000000029
100000,0.05,7,0.97,4997,2524,2470,0.505,0.494,0.70000000000000029
100000,0.05,6,0.97,4997,2777,2710,0.556,0.542,0.70000000000000029
100000,0.05,5,0.97,4997,2982,2889,0.597,0.578,0.70000000000000029
100000,0.05,4,0.97,4997,3168,3011,0.634,0.602,0.70000000000000029
100000,0.05,3,0.97,4997,2909,2672,0.582,0.535,0.70000000000000029
100000,0.05,2,0.97,4997,2912,2538,0.583,0.508,0.70000000000000029
100000,0.05,1,0.97,4997,0,0,0.0,0.0,0.70000000000000029
100000,0.05,11,0.97,4858,1658,1639,0.341,0.337,0.67500000000000027
100000,0.05,10,0.97,4858,1840,1814,0.379,0.373,0.67500000000000027
100000,0.05,9,0.97,4858,2041,2013,0.42,0.414,0.67500000000000027
100000,0.05,8,0.97,4858,2246,2203,0.462,0.453,0.67500000000000027
100000,0.05,7,0.97,4858,2431,2394,0.5,0.493,0.67500000000000027
100000,0.05,6,0.97,4858,2624,2565,0.54,0.528,0.67500000000000027
100000,0.05,5,0.97,4858,2814,2731,0.579,0.562,0.67500000000000027
100000,0.05,4,0.97,4858,2974,2829,0.612,0.582,0.67500000000000027
100000,0.05,3,0.97,4858,2759,2533,0.568,0.521,0.67500000000000027
100000,0.05,2,0.97,4858,2834,2437,0.583,0.502,0.67500000000000027
100000,0.05,1,0.97,4858,0,0,0.0,0.0,0.67500000000000027
100000,0.05,11,0.97,5013,1584,1546,0.316,0.308,0.65000000000000024
100000,0.05,10,0.97,5013,1761,1720,0.351,0.343,0.65000000000000024
100000,0.05,9,0.97,5013,1974,1932,0.394,0.385,0.65000000000000024
100000,0.05,8,0.97,5013,2172,2126,0.433,0.424,0.65000000000000024
100000,0.05,7,0.97,5013,2369,2318,0.473,0.462,0.65000000000000024
100000,0.05,6,0.97,5013,2573,2515,0.513,0.502,0.65000000000000024
100000,0.05,5,0.97,5013,2778,2682,0.554,0.535,0.65000000000000024
100000,0.05,4,0.97,5013,2959,2797,0.59,0.558,0.65000000000000024
100000,0.05,3,0.97,5013,2659,2396,0.53,0.478,0.65000000000000024
100000,0.05,2,0.97,5013,2837,2385,0.566,0.476,0.65000000000000024
100000,0.05,1,0.97,5013,0,0,0.0,0.0,0.65000000000000024
100000,0.05,11,0.97,5068,1518,1481,0.3,0.292,0.62500000000000022
100000,0.05,10,0.97,5068,1668,1635,0.329,0.323,0.62500000000000022
100000,0.05,9,0.97,5068,1869,1835,0.369,0.362,0.62500000000000022
100000,0.05,8,0.97,5068,2049,2012,0.404,0.397,0.62500000000000022
100000,0.05,7,0.97,5068,2233,2183,0.441,0.431,0.62500000000000022
100000,0.05,6,0.97,5068,2449,2390,0.483,0.471,0.62500000000000022
100000,0.05,5,0.97,5068,2653,2565,0.523,0.506,0.62500000000000022
100000,0.05,4,0.97,5068,2860,2687,0.564,0.53,0.62500000000000022
100000,0.05,3,0.97,5068,2553,2317,0.504,0.457,0.62500000000000022
100000,0.05,2,0.97,5068,2755,2310,0.544,0.456,0.62500000000000022
100000,0.05,1,0.97,5068,0,0,0.0,0.0,0.62500000000000022
100000,0.05,11,0.97,5053,1412,1384,0.279,0.274,0.6000000000000002
100000,0.05,10,0.97,5053,1578,1553,0.312,0.307,0.6000000000000002
100000,0.05,9,0.97,5053,1794,1763,0.355,0.349,0.6000000000000002
100000,0.05,8,0.97,5053,1980,1942,0.392,0.384,0.6000000000000002
100000,0.05,7,0.97,5053,2169,2120,0.429,0.419,0.6000000000000002
100000,0.05,6,0.97,5053,2344,2290,0.464,0.453,0.6000000000000002
100000,0.05,5,0.97,5053,2534,2469,0.501,0.489,0.6000000000000002
100000,0.05,4,0.97,5053,2710,2573,0.536,0.509,0.6000000000000002
100000,0.05,3,0.97,5053,2357,2152,0.466,0.426,0.6000000000000002
100000,0.05,2,0.97,5053,2668,2195,0.528,0.434,0.6000000000000002
100000,0.05,1,0.97,5053,0,0,0.0,0.0,0.6000000000000002
100000,0.05,11,0.97,5013,1438,1417,0.287,0.283,0.57500000000000018
100000,0.05,10,0.97,5013,1596,1562,0.318,0.312,0.57500000000000018
100000,0.05,9,0.97,5013,1734,1697,0.346,0.338,0.57500000000000018
100000,0.05,8,0.97,5013,1899,1863,0.379,0.372,0.57500000000000018
100000,0.05,7,0.97,5013,2080,2037,0.415,0.406,0.57500000000000018
100000,0.05,6,0.97,5013,2240,2184,0.447,0.436,0.57500000000000018
100000,0.05,5,0.97,5013,2447,2383,0.488,0.475,0.57500000000000018
100000,0.05,4,0.97,5013,2669,2533,0.532,0.505,0.57500000000000018
100000,0.05,3,0.97,5013,2320,2109,0.463,0.421,0.57500000000000018
100000,0.05,2,0.97,5013,2682,2187,0.535,0.436,0.57500000000000018
100000,0.05,1,0.97,5013,0,0,0.0,0.0,0.57500000000000018
100000,0.05,11,0.97,4957,1317,1294,0.266,0.261,0.55000000000000016
100000,0.05,10,0.97,4957,1469,1444,0.296,0.291,0.55000000000000016
100000,0.05,9,0.97,4957,1630,1611,0.329,0.325,0.55000000000000016
100000,0.05,8,0.97,4957,1818,1789,0.367,0.361,0.55000000000000016
100000,0.05,7,0.97,4957,1965,1932,0.396,0.39,0.55000000000000016
100000,0.05,6,0.97,4957,2133,2095,0.43,0.423,0.55000000000000016
100000,0.05,5,0.97,4957,2307,2258,0.465,0.455,0.55000000000000016
100000,0.05,4,0.97,4957,2517,2390,0.508,0.482,0.55000000000000016
100000,0.05,3,0.97,4957,2165,1958,0.437,0.395,0.55000000000000016
100000,0.05,2,0.97,4957,2584,2054,0.521,0.414,0.55000000000000016
100000,0.05,1,0.97,4957,0,0,0.0,0.0,0.55000000000000016
100000,0.05,11,0.97,5097,1285,1254,0.252,0.246,0.52500000000000013
100000,0.05,10,0.97,5097,1414,1383,0.277,0.271,0.52500000000000013
100000,0.05,9,0.97,5097,1583,1552,0.311,0.304,0.52500000000000013
100000,0.05,8,0.97,5097,1742,1708,0.342,0.335,0.52500000000000013
100000,0.05,7,0.97,5097,1902,1857,0.373,0.364,0.52500000000000013
100000,0.05,6,0.97,5097,2031,1979,0.398,0.388,0.52500000000000013
100000,0.05,5,0.97,5097,2204,2141,0.432,0.42,0.52500000000000013
100000,0.05,4,0.97,5097,2425,2282,0.476,0.448,0.52500000000000013
100000,0.05,3,0.97,5097,2023,1850,0.397,0.363,0.52500000000000013
100000,0.05,2,0.97,5097,2538,1991,0.498,0.391,0.52500000000000013
100000,0.05,1,0.97,5097,0,0,0.0,0.0,0.52500000000000013
100000,0.05,11,0.97,4893,1123,1108,0.23,0.226,0.50000000000000011
100000,0.05,10,0.97,4893,1258,1235,0.257,0.252,0.50000000000000011
100000,0.05,9,0.97,4893,1410,1384,0.288,0.283,0.50000000000000011
100000,0.05,8,0.97,4893,1573,1535,0.321,0.314,0.50000000000000011
100000,0.05,7,0.97,4893,1730,1692,0.354,0.346,0.50000000000000011
100000,0.05,6,0.97,4893,1867,1821,0.382,0.372,0.50000000000000011
100000,0.05,5,0.97,4893,2016,1954,0.412,0.399,0.50000000000000011
100000,0.05,4,0.97,4893,2175,2048,0.445,0.418,0.50000000000000011
100000,0.05,3,0.97,4893,1866,1684,0.381,0.344,0.50000000000000011
100000,0.05,2,0.97,4893,2415,1833,0.494,0.375,0.50000000000000011
100000,0.05,1,0.97,4893,0,0,0.0,0.0,0.50000000000000011
100000,0.05,11,0.97,4939,1023,1005,0.207,0.203,0.47500000000000009
100000,0.05,10,0.97,4939,1165,1148,0.236,0.232,0.47500000000000009
100000,0.05,9,0.97,4939,1348,1325,0.273,0.268,0.47500000000000009
100000,0.05,8,0.97,4939,1504,1473,0.305,0.298,0.47500000000000009
100000,0.05,7,0.97,4939,1644,1609,0.333,0.326,0.47500000000000009
100000,0.05,6,0.97,4939,1806,1764,0.366,0.357,0.47500000000000009
100000,0.05,5,0.97,4939,1949,1896,0.395,0.384,0.47500000000000009
100000,0.05,4,0.97,4939,2096,1980,0.424,0.401,0.47500000000000009
100000,0.05,3,0.97,4939,1759,1616,0.356,0.327,0.47500000000000009
100000,0.05,2,0.97,4939,2407,1794,0.487,0.363,0.47500000000000009
100000,0.05,1,0.97,4939,0,0,0.0,0.0,0.47500000000000009
100000,0.05,11,0.97,5078,878,872,0.173,0.172,0.45000000000000007
100000,0.05,10,0.97,5078,1039,1026,0.205,0.202,0.45000000000000007
100000,0.05,9,0.97,5078,1183,1166,0.233,0.23,0.45000000000000007
100000,0.05,8,0.97,5078,1330,1312,0.262,0.258,0.45000000000000007
100000,0.05,7,0.97,5078,1493,1472,0.294,0.29,0.45000000000000007
100000,0.05,6,0.97,5078,1645,1613,0.324,0.318,0.45000000000000007
100000,0.05,5,0.97,5078,1795,1760,0.353,0.347,0.45000000000000007
100000,0.05,4,0.97,5078,1943,1849,0.383,0.364,0.45000000000000007
100000,0.05,3,0.97,5078,1653,1490,0.326,0.293,0.45000000000000007
100000,0.05,2,0.97,5078,2321,1653,0.457,0.325,0.45000000000000007
100000,0.05,1,0.97,5078,0,0,0.0,0.0,0.45000000000000007
100000,0.05,11,0.97,4947,750,740,0.152,0.15,0.42500000000000004
100000,0.05,10,0.97,4947,873,862,0.176,0.174,0.42500000000000004
100000,0.05,9,0.97,4947,994,984,0.201,0.199,0.42500000000000004
100000,0.05,8,0.97,4947,1139,1123,0.23,0.227,0.42500000000000004
100000,0.05,7,0.97,4947,1284,1266,0.26,0.256,0.42500000000000004
100000,0.05,6,0.97,4947,1455,1431,0.294,0.289,0.42500000000000004
100000,0.05,5,0.97,4947,1624,1586,0.328,0.321,0.42500000000000004
100000,0.05,4,0.97,4947,1772,1674,0.358,0.338,0.42500000000000004
100000,0.05,3,0.97,4947,1563,1398,0.316,0.283,0.42500000000000004
100000,0.05,2,0.97,4947,2223,1556,0.449,0.314,0.42500000000000004
100000,0.05,1,0.97,4947,0,0,0.0,0.0,0.42500000000000004
100000,0.05,11,0.97,5138,508,502,0.099,0.098,0.40000000000000002
100000,0.05,10,0.97,5138,646,640,0.126,0.125,0.40000000000000002
100000,0.05,9,0.97,5138,748,738,0.146,0.144,0.40000000000000002
100000,0.05,8,0.97,5138,870,859,0.169,0.167,0.40000000000000002
100000,0.05,7,0.97,5138,1036,1024,0.202,0.199,0.40000000000000002
100000,0.05,6,0.97,5138,1234,1215,0.24,0.236,0.40000000000000002
100000,0.05,5,0.97,5138,1368,1346,0.266,0.262,0.40000000000000002
100000,0.05,4,0.97,5138,1594,1508,0.31,0.293,0.40000000000000002
100000,0.05,3,0.97,5138,1597,1383,0.311,0.269,0.40000000000000002
100000,0.05,2,0.97,5138,2267,1546,0.441,0.301,0.40000000000000002
100000,0.05,1,0.97,5138,0,0,0.0,0.0,0.40000000000000002
100000,0.1,11,0.97,10066,3302,3265,0.328,0.324,1.0000000000000004
100000,0.1,10,0.97,10066,4054,4000,0.403,0.397,1.0000000000000004
100000,0.1,9,0.97,10066,4976,4897,0.494,0.486,1.0000000000000004
100000,0.1,8,0.97,10066,5992,5870,0.595,0.583,1.0000000000000004
100000,0.1,7,0.97,10066,6860,6717,0.682,0.667,1.0000000000000004
100000,0.1,6,0.97,10066,7785,7611,0.773,0.756,1.0000000000000004
100000,0.1,5,0.97,10066,8532,8338,0.848,0.828,1.0000000000000004
100000,0.1,4,0.97,10066,8899,8670,0.884,0.861,1.0000000000000004
100000,0.1,3,0.97,10066,8255,8125,0.82,0.807,1.0000000000000004
100000,0.1,2,0.97,10066,6016,6001,0.598,0.596,1.0000000000000004
100000,0.1,1,0.97,10066,8322,7833,0.827,0.778,1.0000000000000004
100000,0.1,11,0.97,9963,3266,3225,0.328,0.324,0.97500000000000053
100000,0.1,10,0.97,9963,4019,3961,0.403,0.398,0.97500000000000053
100000,0.1,9,0.97,9963,4879,4798,0.49,0.482,0.97500000000000053
100000,0.1,8,0.97,9963,5776,5666,0.58,0.569,0.97500000000000053
100000,0.1,7,0.97,9963,6701,6552,0.673,0.658,0.97500000000000053
100000,0.1,6,0.97,9963,7519,7333,0.755,0.736,0.97500000000000053
100000,0.1,5,0.97,9963,8289,8070,0.832,0.81,0.97500000000000053
100000,0.1,4,0.97,9963,8608,8360,0.864,0.839,0.97500000000000053
100000,0.1,3,0.97,9963,8062,7878,0.809,0.791,0.97500000000000053
100000,0.1,2,0.97,9963,5889,5842,0.591,0.586,0.97500000000000053
100000,0.1,1,0.97,9963,2091,1895,0.21,0.19,0.97500000000000053
100000,0.1,11,0.97,9961,3147,3115,0.316,0.313,0.95000000000000051
100000,0.1,10,0.97,9961,3917,3864,0.393,0.388,0.95000000000000051
100000,0.1,9,0.97,9961,4764,4687,0.478,0.47,0.95000000000000051
100000,0.1,8,0.97,9961,5681,5591,0.57,0.561,0.95000000000000051
100000,0.1,7,0.97,9961,6509,6398,0.653,0.642,0.95000000000000051
100000,0.1,6,0.97,9961,7399,7245,0.743,0.727,0.95000000000000051
100000,0.1,5,0.97,9961,8130,7904,0.816,0.793,0.95000000000000051
100000,0.1,4,0.97,9961,8485,8207,0.852,0.824,0.95000000000000051
100000,0.1,3,0.97,9961,7927,7738,0.796,0.777,0.95000000000000051
100000,0.1,2,0.97,9961,5715,5646,0.574,0.567,0.95000000000000051
100000,0.1,1,0.97,9961,0,0,0.0,0.0,0.95000000000000051
100000,0.1,11,0.97,10022,3002,2963,0.3,0.296,0.92500000000000049
100000,0.1,10,0.97,10022,3769,3721,0.376,0.371,0.92500000000000049
100000,0.1,9,0.97,10022,4560,4486,0.455,0.448,0.92500000000000049
100000,0.1,8,0.97,10022,5452,5359,0.544,0.535,0.92500000000000049
100000,0.1,7,0.97,10022,6341,6209,0.633,0.619,0.92500000000000049
100000,0.1,6,0.97,10022,7148,6974,0.713,0.696,0.92500000000000049
100000,0.1,5,0.97,10022,7892,7668,0.787,0.765,0.92500000000000049
100000,0.1,4,0.97,10022,8248,7943,0.823,0.792,0.92500000000000049
100000,0.1,3,0.97,10022,7796,7547,0.778,0.753,0.92500000000000049
100000,0.1,2,0.97,10022,5602,5491,0.559,0.548,0.92500000000000049
100000,0.1,1,0.97,10022,0,0,0.0,0.0,0.92500000000000049
100000,0.1,11,0.97,9984,2845,2821,0.285,0.283,0.90000000000000047
100000,0.1,10,0.97,9984,3544,3501,0.355,0.351,0.90000000000000047
100000,0.1,9,0.97,9984,4375,4314,0.438,0.432,0.90000000000000047
100000,0.1,8,0.97,9984,5248,5161,0.526,0.517,0.90000000000000047
100000,0.1,7,0.97,9984,6129,6013,0.614,0.602,0.90000000000000047
100000,0.1,6,0.97,9984,6893,6742,0.69,0.675,0.90000000000000047
100000,0.1,5,0.97,9984,7635,7426,0.765,0.744,0.90000000000000047
100000,0.1,4,0.97,9984,8045,7704,0.806,0.772,0.90000000000000047
100000,0.1,3,0.97,9984,7672,7397,0.768,0.741,0.90000000000000047
100000,0.1,2,0.97,9984,5401,5284,0.541,0.529,0.90000000000000047
100000,0.1,1,0.97,9984,0,0,0.0,0.0,0.90000000000000047
100000,0.1,11,0.97,9924,2806,2762,0.283,0.278,0.87500000000000044
100000,0.1,10,0.97,9924,3444,3385,0.347,0.341,0.87500000000000044
100000,0.1,9,0.97,9924,4162,4085,0.419,0.412,0.87500000000000044
100000,0.1,8,0.97,9924,4987,4894,0.503,0.493,0.87500000000000044
100000,0.1,7,0.97,9924,5810,5702,0.585,0.575,0.87500000000000044
100000,0.1,6,0.97,9924,6619,6468,0.667,0.652,0.87500000000000044
100000,0.1,5,0.97,9924,7309,7108,0.736,0.716,0.87500000000000044
100000,0.1,4,0.97,9924,7660,7334,0.772,0.739,0.87500000000000044
100000,0.1,3,0.97,9924,7328,7019,0.738,0.707,0.87500000000000044
100000,0.1,2,0.97,9924,5236,5076,0.528,0.511,0.87500000000000044
100000,0.1,1,0.97,9924,0,0,0.0,0.0,0.87500000000000044
100000,0.1,11,0.97,10072,2641,2616,0.262,0.26,0.85000000000000042
100000,0.1,10,0.97,10072,3357,3317,0.333,0.329,0.85000000000000042
100000,0.1,9,0.97,10072,4075,4016,0.405,0.399,0.85000000000000042
100000,0.1,8,0.97,10072,4936,4844,0.49,0.481,0.85000000000000042
100000,0.1,7,0.97,10072,5716,5593,0.568,0.555,0.85000000000000042
100000,0.1,6,0.97,10072,6528,6371,0.648,0.632,0.85000000000000042
100000,0.1,5,0.97,10072,7225,7001,0.717,0.695,0.85000000000000042
100000,0.1,4,0.97,10072,7622,7248,0.757,0.72,0.85000000000000042
100000,0.1,3,0.97,10072,7310,6963,0.726,0.691,0.85000000000000042
100000,0.1,2,0.97,10072,5355,5185,0.532,0.515,0.85000000000000042
100000,0.1,1,0.97,10072,0,0,0.0,0.0,0.85000000000000042
100000,0.1,11,0.97,9843,2584,2559,0.263,0.26,0.8250000000000004
100000,0.1,10,0.97,9843,3152,3118,0.32,0.317,0.8250000000000004
100000,0.1,9,0.97,9843,3823,3773,0.388,0.383,0.8250000000000004
100000,0.1,8,0.97,9843,4609,4532,0.468,0.46,0.8250000000000004
100000,0.1,7,0.97,9843,5422,5310,0.551,0.539,0.8250000000000004
100000,0.1,6,0.97,9843,6170,6016,0.627,0.611,0.8250000000000004
100000,0.1,5,0.97,9843,6833,6608,0.694,0.671,0.8250000000000004
100000,0.1,4,0.97,9843,7278,6833,0.739,0.694,0.8250000000000004
100000,0.1,3,0.97,9843,6918,6522,0.703,0.663,0.8250000000000004
100000,0.1,2,0.97,9843,5094,4863,0.518,0.494,0.8250000000000004
100000,0.1,1,0.97,9843,0,0,0.0,0.0,0.8250000000000004
100000,0.1,11,0.97,9896,2516,2497,0.254,0.252,0.80000000000000038
100000,0.1,10,0.97,9896,3045,3020,0.308,0.305,0.80000000000000038
100000,0.1,9,0.97,9896,3703,3671,0.374,0.371,0.80000000000000038
100000,0.1,8,0.97,9896,4422,4367,0.447,0.441,0.80000000000000038
100000,0.1,7,0.97,9896,5182,5099,0.524,0.515,0.80000000000000038
100000,0.1,6,0.97,9896,5957,5850,0.602,0.591,0.80000000000000038
100000,0.1,5,0.97,9896,6571,6390,0.664,0.646,0.80000000000000038
100000,0.1,4,0.97,9896,7054,6662,0.713,0.673,0.80000000000000038
100000,0.1,3,0.97,9896,6822,6432,0.689,0.65,0.80000000000000038
100000,0.1,2,0.97,9896,5054,4827,0.511,0.488,0.80000000000000038
100000,0.1,1,0.97,9896,0,0,0.0,0.0,0.80000000000000038
100000,0.1,11,0.97,9885,2359,2336,0.239,0.236,0.77500000000000036
100000,0.1,10,0.97,9885,2855,2828,0.289,0.286,0.77500000000000036
100000,0.1,9,0.97,9885,3513,3468,0.355,0.351,0.77500000000000036
100000,0.1,8,0.97,9885,4177,4106,0.423,0.415,0.77500000000000036
100000,0.1,7,0.97,9885,4912,4819,0.497,0.487,0.77500000000000036
100000,0.1,6,0.97,9885,5653,5531,0.572,0.559,0.77500000000000036
100000,0.1,5,0.97,9885,6275,6091,0.635,0.616,0.77500000000000036
100000,0.1,4,0.97,9885,6729,6327,0.681,0.64,0.77500000000000036
100000,0.1,3,0.97,9885,6521,6110,0.66,0.618,0.77500000000000036
100000,0.1,2,0.97,9885,4725,4472,0.478,0.452,0.77500000000000036
100000,0.1,1,0.97,9885,0,0,0.0,0.0,0.77500000000000036
100000,0.1,11,0.97,10111,2165,2138,0.214,0.211,0.75000000000000033
100000,0.1,10,0.97,10111,2692,2662,0.266,0.263,0.75000000000000033
100000,0.1,9,0.97,10111,3259,3221,0.322,0.319,0.75000000000000033
100000,0.1,8,0.97,10111,3951,3900,0.391,0.386,0.75000000000000033
100000,0.1,7,0.97,10111,4740,4659,0.469,0.461,0.75000000000000033
100000,0.1,6,0.97,10111,5536,5412,0.548,0.535,0.75000000000000033
100000,0.1,5,0.97,10111,6190,5997,0.612,0.593,0.75000000000000033
100000,0.1,4,0.97,10111,6617,6184,0.654,0.612,0.75000000000000033
100000,0.1,3,0.97,10111,6452,6031,0.638,0.596,0.75000000000000033
100000,0.1,2,0.97,10111,4742,4448,0.469,0.44,0.75000000000000033
100000,0.1,1,0.97,10111,0,0,0.0,0.0,0.75000000000000033
100000,0.1,11,0.97,10019,2075,2056,0.207,0.205,0.72500000000000031
100000,0.1,10,0.97,10019,2647,2630,0.264,0.262,0.72500000000000031
100000,0.1,9,0.97,10019,3159,3127,0.315,0.312,0.72500000000000031
100000,0.1,8,0.97,10019,3854,3794,0.385,0.379,0.72500000000000031
100000,0.1,7,0.97,10019,4561,4480,0.455,0.447,0.72500000000000031
100000,0.1,6,0.97,10019,5220,5125,0.521,0.511,0.72500000000000031
100000,0.1,5,0.97,10019,5815,5667,0.58,0.566,0.72500000000000031
100000,0.1,4,0.97,10019,6299,5885,0.629,0.587,0.72500000000000031
100000,0.1,3,0.97,10019,6264,5800,0.625,0.579,0.72500000000000031
100000,0.1,2,0.97,10019,4658,4335,0.465,0.433,0.72500000000000031
100000,0.1,1,0.97,10019,0,0,0.0,0.0,0.72500000000000031
100000,0.1,11,0.97,10175,1891,1881,0.186,0.185,0.70000000000000029
100000,0.1,10,0.97,10175,2510,2493,0.247,0.245,0.70000000000000029
100000,0.1,9,0.97,10175,3077,3049,0.302,0.3,0.70000000000000029
100000,0.1,8,0.97,10175,3725,3685,0.366,0.362,0.70000000000000029
100000,0.1,7,0.97,10175,4395,4333,0.432,0.426,0.70000000000000029
100000,0.1,6,0.97,10175,5114,5025,0.503,0.494,0.70000000000000029
100000,0.1,5,0.97,10175,5802,5645,0.57,0.555,0.70000000000000029
100000,0.1,4,0.97,10175,6224,5831,0.612,0.573,0.70000000000000029
100000,0.1,3,0.97,10175,6160,5700,0.605,0.56,0.70000000000000029
100000,0.1,2,0.97,10175,4601,4268,0.452,0.419,0.70000000000000029
100000,0.1,1,0.97,10175,0,0,0.0,0.0,0.70000000000000029
100000,0.1,11,0.97,10010,1728,1716,0.173,0.171,0.67500000000000027
100000,0.1,10,0.97,10010,2285,2267,0.228,0.226,0.67500000000000027
100000,0.1,9,0.97,10010,2819,2796,0.282,0.279,0.67500000000000027
100000,0.1,8,0.97,10010,3379,3347,0.338,0.334,0.67500000000000027
100000,0.1,7,0.97,10010,4104,4046,0.41,0.404,0.67500000000000027
100000,0.1,6,0.97,10010,4811,4716,0.481,0.471,0.67500000000000027
100000,0.1,5,0.97,10010,5514,5335,0.551,0.533,0.67500000000000027
100000,0.1,4,0.97,10010,5926,5522,0.592,0.552,0.67500000000000027
100000,0.1,3,0.97,10010,5872,5437,0.587,0.543,0.67500000000000027
100000,0.1,2,0.97,10010,4421,4061,0.442,0.406,0.67500000000000027
100000,0.1,1,0.97,10010,0,0,0.0,0.0,0.67500000000000027
100000,0.1,11,0.97,9957,1676,1664,0.168,0.167,0.65000000000000024
100000,0.1,10,0.97,9957,2255,2234,0.226,0.224,0.65000000000000024
100000,0.1,9,0.97,9957,2837,2805,0.285,0.282,0.65000000000000024
100000,0.1,8,0.97,9957,3356,3306,0.337,0.332,0.65000000000000024
100000,0.1,7,0.97,9957,4039,3974,0.406,0.399,0.65000000000000024
100000,0.1,6,0.97,9957,4657,4565,0.468,0.458,0.65000000000000024
100000,0.1,5,0.97,9957,5270,5118,0.529,0.514,0.65000000000000024
100000,0.1,4,0.97,9957,5752,5320,0.578,0.534,0.65000000000000024
100000,0.1,3,0.97,9957,5788,5270,0.581,0.529,0.65000000000000024
100000,0.1,2,0.97,9957,4363,3965,0.438,0.398,0.65000000000000024
100000,0.1,1,0.97,9957,0,0,0.0,0.0,0.65000000000000024
100000,0.1,11,0.97,10016,1422,1403,0.142,0.14,0.62500000000000022
100000,0.1,10,0.97,10016,1937,1915,0.193,0.191,0.62500000000000022
100000,0.1,9,0.97,10016,2537,2501,0.253,0.25,0.62500000000000022
100000,0.1,8,0.97,10016,3076,3030,0.307,0.302,0.62500000000000022
100000,0.1,7,0.97,10016,3649,3580,0.364,0.357,0.62500000000000022
100000,0.1,6,0.97,10016,4300,4202,0.429,0.419,0.62500000000000022
100000,0.1,5,0.97,10016,4874,4721,0.487,0.471,0.62500000000000022
100000,0.1,4,0.97,10016,5377,4991,0.537,0.498,0.62500000000000022
100000,0.1,3,0.97,10016,5452,4909,0.544,0.49,0.62500000000000022
100000,0.1,2,0.97,10016,4056,3618,0.405,0.361,0.62500000000000022
100000,0.1,1,0.97,10016,0,0,0.0,0.0,0.62500000000000022
100000,0.1,11,0.97,9967,1345,1328,0.135,0.133,0.6000000000000002
100000,0.1,10,0.97,9967,1753,1729,0.176,0.173,0.6000000000000002
100000,0.1,9,0.97,9967,2344,2313,0.235,0.232,0.6000000000000002
100000,0.1,8,0.97,9967,2937,2901,0.295,0.291,0.6000000000000002
100000,0.1,7,0.97,9967,3438,3394,0.345,0.34,0.6000000000000002
100000,0.1,6,0.97,9967,4034,3959,0.405,0.397,0.6000000000000002
100000,0.1,5,0.97,9967,4650,4515,0.467,0.453,0.6000000000000002
100000,0.1,4,0.97,9967,5202,4780,0.522,0.48,0.6000000000000002
100000,0.1,3,0.97,9967,5308,4762,0.533,0.478,0.6000000000000002
100000,0.1,2,0.97,9967,4008,3557,0.402,0.357,0.6000000000000002
100000,0.1,1,0.97,9967,0,0,0.0,0.0,0.6000000000000002
100000,0.1,11,0.97,9791,1275,1267,0.13,0.129,0.57500000000000018
100000,0.1,10,0.97,9791,1602,1591,0.164,0.162,0.57500000000000018
100000,0.1,9,0.97,9791,2125,2106,0.217,0.215,0.57500000000000018
100000,0.1,8,0.97,9791,2713,2685,0.277,0.274,0.57500000000000018
100000,0.1,7,0.97,9791,3197,3159,0.327,0.323,0.57500000000000018
100000,0.1,6,0.97,9791,3749,3679,0.383,0.376,0.57500000000000018
100000,0.1,5,0.97,9791,4281,4173,0.437,0.426,0.57500000000000018
100000,0.1,4,0.97,9791,4844,4481,0.495,0.458,0.57500000000000018
100000,0.1,3,0.97,9791,5124,4479,0.523,0.457,0.57500000000000018
100000,0.1,2,0.97,9791,3948,3433,0.403,0.351,0.57500000000000018
100000,0.1,1,0.97,9791,0,0,0.0,0.0,0.57500000000000018
100000,0.1,11,0.97,9899,1178,1169,0.119,0.118,0.55000000000000016
100000,0.1,10,0.97,9899,1500,1486,0.152,0.15,0.55000000000000016
100000,0.1,9,0.97,9899,1898,1878,0.192,0.19,0.55000000000000016
100000,0.1,8,0.97,9899,2428,2400,0.245,0.242,0.55000000000000016
100000,0.1,7,0.97,9899,2983,2950,0.301,0.298,0.55000000000000016
100000,0.1,6,0.97,9899,3511,3453,0.355,0.349,0.55000000000000016
100000,0.1,5,0.97,9899,4098,3993,0.414,0.403,0.55000000000000016
100000,0.1,4,0.97,9899,4699,4309,0.475,0.435,0.55000000000000016
100000,0.1,3,0.97,9899,5014,4368,0.507,0.441,0.55000000000000016
100000,0.1,2,0.97,9899,3782,3284,0.382,0.332,0.55000000000000016
100000,0.1,1,0.97,9899,0,0,0.0,0.0,0.55000000000000016
100000,0.1,11,0.97,10073,1134,1121,0.113,0.111,0.52500000000000013
100000,0.1,10,0.97,10073,1419,1399,0.141,0.139,0.52500000000000013
100000,0.1,9,0.97,10073,1811,1790,0.18,0.178,0.52500000000000013
100000,0.1,8,0.97,10073,2278,2245,0.226,0.223,0.52500000000000013
100000,0.1,7,0.97,10073,2864,2822,0.284,0.28,0.52500000000000013
100000,0.1,6,0.97,10073,3471,3410,0.345,0.338,0.52500000000000013
100000,0.1,5,0.97,10073,3977,3872,0.395,0.384,0.52500000000000013
100000,0.1,4,0.97,10073,4521,4159,0.449,0.413,0.52500000000000013
100000,0.1,3,0.97,10073,4905,4215,0.487,0.418,0.52500000000000013
100000,0.1,2,0.97,10073,3719,3159,0.369,0.314,0.52500000000000013
100000,0.1,1,0.97,10073,0,0,0.0,0.0,0.52500000000000013
100000,0.1,11,0.97,10046,975,969,0.097,0.096,0.50000000000000011
100000,0.1,10,0.97,10046,1279,1267,0.127,0.126,0.50000000000000011
100000,0.1,9,0.97,10046,1630,1613,0.162,0.161,0.50000000000000011
100000,0.1,8,0.97,10046,2044,2022,0.203,0.201,0.50000000000000011
100000,0.1,7,0.97,10046,2564,2536,0.255,0.252,0.50000000000000011
100000,0.1,6,0.97,10046,3188,3146,0.317,0.313,0.50000000000000011
100000,0.1,5,0.97,10046,3744,3638,0.373,0.362,0.50000000000000011
100000,0.1,4,0.97,10046,4314,3962,0.429,0.394,0.50000000000000011
100000,0.1,3,0.97,10046,4724,4026,0.47,0.401,0.50000000000000011
100000,0.1,2,0.97,10046,3593,2987,0.358,0.297,0.50000000000000011
100000,0.1,1,0.97,10046,0,0,0.0,0.0,0.50000000000000011
100000,0.1,11,0.97,9865,976,972,0.099,0.099,0.47500000000000009
100000,0.1,10,0.97,9865,1199,1189,0.122,0.121,0.47500000000000009
100000,0.1,9,0.97,9865,1507,1495,0.153,0.152,0.47500000000000009
100000,0.1,8,0.97,9865,1846,1828,0.187,0.185,0.47500000000000009
100000,0.1,7,0.97,9865,2254,2227,0.228,0.226,0.47500000000000009
100000,0.1,6,0.97,9865,2784,2746,0.282,0.278,0.47500000000000009
100000,0.1,5,0.97,9865,3362,3275,0.341,0.332,0.47500000000000009
100000,0.1,4,0.97,9865,3949,3631,0.4,0.368,0.47500000000000009
100000,0.1,3,0.97,9865,4451,3725,0.451,0.378,0.47500000000000009
100000,0.1,2,0.97,9865,3488,2887,0.354,0.293,0.47500000000000009
100000,0.1,1,0.97,9865,0,0,0.0,0.0,0.47500000000000009
100000,0.1,11,0.97,9792,903,899,0.092,0.092,0.45000000000000007
100000,0.1,10,0.97,9792,1113,1105,0.114,0.113,0.45000000000000007
100000,0.1,9,0.97,9792,1375,1366,0.14,0.139,0.45000000000000007
100000,0.1,8,0.97,9792,1699,1683,0.174,0.172,0.45000000000000007
100000,0.1,7,0.97,9792,2040,2021,0.208,0.206,0.45000000000000007
100000,0.1,6,0.97,9792,2449,2419,0.25,0.247,0.45000000000000007
100000,0.1,5,0.97,9792,2955,2887,0.302,0.295,0.45000000000000007
100000,0.1,4,0.97,9792,3591,3336,0.367,0.341,0.45000000000000007
100000,0.1,3,0.97,9792,4134,3395,0.422,0.347,0.45000000000000007
100000,0.1,2,0.97,9792,3223,2611,0.329,0.267,0.45000000000000007
100000,0.1,1,0.97,9792,0,0,0.0,0.0,0.45000000000000007
100000,0.1,11,0.97,9945,725,718,0.073,0.072,0.42500000000000004
100000,0.1,10,0.97,9945,925,917,0.093,0.092,0.42500000000000004
100000,0.1,9,0.97,9945,1171,1160,0.118,0.117,0.42500000000000004
100000,0.1,8,0.97,9945,1470,1462,0.148,0.147,0.42500000000000004
100000,0.1,7,0.97,9945,1784,1767,0.179,0.178,0.42500000000000004
100000,0.1,6,0.97,9945,2225,2209,0.224,0.222,0.42500000000000004
100000,0.1,5,0.97,9945,2728,2673,0.274,0.269,0.42500000000000004
100000,0.1,4,0.97,9945,3371,3151,0.339,0.317,0.42500000000000004
100000,0.1,3,0.97,9945,3964,3199,0.399,0.322,0.42500000000000004
100000,0.1,2,0.97,9945,3319,2617,0.334,0.263,0.42500000000000004
100000,0.1,1,0.97,9945,0,0,0.0,0.0,0.42500000000000004
100000,0.1,11,0.97,9841,476,474,0.048,0.048,0.40000000000000002
100000,0.1,10,0.97,9841,633,629,0.064,0.064,0.40000000000000002
100000,0.1,9,0.97,9841,846,838,0.086,0.085,0.40000000000000002
100000,0.1,8,0.97,9841,1075,1067,0.109,0.108,0.40000000000000002
100000,0.1,7,0.97,9841,1500,1486,0.152,0.151,0.40000000000000002
100000,0.1,6,0.97,9841,1884,1868,0.191,0.19,0.40000000000000002
100000,0.1,5,0.97,9841,2298,2270,0.234,0.231,0.40000000000000002
100000,0.1,4,0.97,9841,2747,2645,0.279,0.269,0.40000000000000002
100000,0.1,3,0.97,9841,3346,2725,0.34,0.277,0.40000000000000002
100000,0.1,2,0.97,9841,2975,2324,0.302,0.236,0.40000000000000002
100000,0.1,1,0.97,9841,0,0,0.0,0.0,0.40000000000000002
